kinematics:
  shoulder:
    x: 0
    y: 0
    z: 0.08948760745641905
    roll: -0
    pitch: 0
    yaw: 5.724267271354014e-05
  upper_arm:
    x: 4.767387894761116e-05
    y: 0
    z: 0
    roll: 1.569913581252249
    pitch: 0
    yaw: 2.121784526601501e-05
  forearm:
    x: -0.4254051262210206
    y: 0
    z: 0
    roll: 3.141571256638476
    pitch: 3.139609714587363
    yaw: 9.181814845231772e-05
  wrist_1:
    x: -0.392460380822819
    y: -0.002312531082237207
    z: 0.1097805113913582
    roll: 0.02106192704769751
    pitch: -0.001508302033929348
    yaw: 3.141509032753284
  wrist_2:
    x: 7.021751572921595e-05
    y: -0.09475180859812876
    z: -0.0003085072123167084
    roll: 1.574052265934258
    pitch: 0
    yaw: -3.378771318114996e-05
  wrist_3:
    x: -4.120584958757715e-05
    y: 0.0824868794107365
    z: -0.0002106126115580783
    roll: 1.568243046135182
    pitch: 3.141592653589793
    yaw: -3.141583455241135
  hash: calib_2261225183801150179