kinematics:
  shoulder:
    x: 0
    y: 0
    z: 0.08956401716053501
    roll: -0
    pitch: 0
    yaw: 5.071730003849279e-05
  upper_arm:
    x: 7.570701266996488e-05
    y: 0.13585
    z: 0
    roll: 0
    pitch: 1.570780999243756
    yaw: 1.222778882270485e-05
  forearm:
    x: 0
    y: -0.1197
    z: 0.4252719934925572
    roll: 3.14140885869443
    pitch: -3.141486840023921
    yaw: -3.141551216785207
  wrist_1:
    x: 0
    y: 0
    z: 0.3920768556643368
    roll: 0
    pitch: 1.572260697673701
    yaw: 0
  wrist_2:
    x: -0.001
    y: 0.0943173677297831
    z: 0
    roll: 0
    pitch: 0
    yaw: -4.50630830353474e-05
  wrist_3:
    x: 3.58077690753481e-05
    y: 0.07
    z: 0.09477508287480087
    roll: 0
    pitch: 0
    yaw: 0
  hash: calib_12788084448423163542